-2.963146353518017 -9.417057387429033
-2.927883513943802 -9.251066001047633
-2.7783065727793685 -8.475916690802611
-2.683130711747852 -8.331287155983432
-2.3206093041544853 -7.9965325413055774
-1.889469789839917 -6.824516314481335
-1.5878137358720397 -6.1352370850961115
-0.984292345106387 -5.257092674577793
-0.7843400030604699 -4.608445751228483
-0.07426993267440718 -2.906071071142956
0.103462158615236 -3.1784025020361613
0.285716146164682 -2.344747700515421
0.5120805208655259 -1.4854960301425886
1.2061333089961908 -0.4357201817382792
1.455224892197534 0.09662992217538935
1.7728587630956296 0.3294016432827813
2.0302086584052805 1.3447913315499318
2.6920467885507557 1.9542213647102935
2.927587177133674 2.669644050607312
3.497560340314764 4.404791492050249